0.000000;car;22.200000;0.400000;2.500000;0.000000;truck;33.800000;3.200000;-1.750000;0.000000;truck;22.200000;0.400000;2.500000;
1.800004;truck;50.000000;2.200000;1.500000;1.800004;car;26.200000;0.000000;2.000000;
3.583340;car;30.000000;0.400000;1.750000;3.583340;truck;23.600000;0.600000;-4.500000;3.583340;car;83.000000;2.000000;0.250000;3.583340;car;84.400000;6.600000;-16.750000;
5.383344;car;81.600000;0.600000;-1.250000;5.383344;truck;50.600000;3.200000;-0.500000;5.383344;car;53.600000;6.200000;-17.750000;5.383344;car;31.800000;0.600000;0.500000;
7.183347;car;32.800000;0.400000;0.750000;7.183347;car;32.800000;0.400000;0.750000;
8.966684;car;48.200000;9.800000;-0.500000;8.966684;car;33.800000;0.600000;0.250000;8.966684;car;49.000000;3.200000;-0.500000;
10.766687;truck;47.400000;9.400000;-0.750000;10.766687;car;82.800000;3.600000;-1.750000;10.766687;car;47.800000;2.800000;-0.750000;10.766687;car;34.200000;0.400000;0.500000;
12.566691;car;152.400000;17.000000;-18.250000;12.566691;car;45.800000;8.800000;-1.000000;12.566691;car;46.400000;2.800000;-1.000000;12.566691;car;80.000000;0.600000;-18.250000;12.566691;car;79.400000;3.200000;-2.000000;12.566691;car;79.200000;3.200000;-2.250000;
14.350028;car;74.600000;8.000000;-30.750000;14.350028;car;35.200000;0.400000;0.000000;14.350028;car;44.400000;3.200000;-1.250000;
16.150032;car;34.600000;0.400000;-0.500000;16.150032;car;34.600000;0.600000;-0.500000;16.150032;car;71.800000;3.200000;-2.000000;
17.950035;car;68.000000;3.400000;-2.000000;17.950035;car;33.000000;0.400000;-1.250000;17.950035;car;33.200000;0.400000;-1.250000;17.950035;car;67.800000;3.400000;-2.000000;17.950035;car;175.600000;22.800000;-18.500000;17.950035;truck;178.400000;23.600000;-18.500000;
19.750038;car;35.400000;2.800000;-1.750000;19.750038;car;30.400000;0.200000;-1.500000;19.750038;car;64.600000;3.000000;-1.750000;19.750038;truck;212.800000;31.800000;-18.500000;
21.533375;car;79.000000;2.600000;-18.250000;21.533375;car;27.800000;0.400000;-1.500000;21.533375;car;61.400000;3.200000;-1.250000;21.533375;car;108.400000;5.600000;-18.500000;
23.333380;car;175.400000;23.200000;-18.250000;23.333380;car;120.400000;9.200000;-18.250000;23.333380;car;60.000000;3.400000;-0.500000;23.333380;car;25.000000;0.400000;-1.250000;23.333380;car;111.200000;5.400000;-18.250000;
25.133383;truck;28.600000;2.600000;-0.250000;25.133383;car;60.200000;3.400000;0.250000;25.133383;car;51.800000;0.600000;-0.750000;
26.916719;car;51.000000;1.400000;-0.500000;26.916719;car;51.000000;1.400000;-0.500000;
28.716722;car;62.200000;3.600000;0.750000;28.716722;car;50.000000;1.000000;-0.500000;28.716722;truck;29.000000;2.800000;-0.500000;28.716722;car;22.000000;0.200000;-0.250000;
30.516726;car;63.600000;3.600000;0.750000;30.516726;truck;135.800000;15.800000;-18.500000;30.516726;car;49.200000;2.600000;-0.250000;30.516726;car;22.200000;0.000000;0.500000;
32.300064;car;48.600000;2.600000;-0.500000;32.300064;car;23.200000;0.200000;0.750000;32.300064;car;176.600000;22.600000;-18.750000;
34.100067;car;25.000000;0.400000;1.000000;34.100067;car;47.400000;3.000000;-1.000000;34.100067;car;47.200000;3.200000;-1.000000;
35.900070;car;26.200000;0.400000;0.250000;35.900070;car;26.200000;0.400000;0.250000;35.900070;car;160.200000;19.400000;-19.750000;
37.683407;car;40.200000;2.400000;-2.500000;37.683407;car;26.000000;0.400000;-0.750000;
39.483410;car;178.200000;-15.800000;-20.000000;39.483410;car;36.400000;2.600000;-2.000000;39.483410;car;25.000000;0.600000;-0.500000;39.483410;car;36.400000;2.400000;-2.000000;
41.283413;car;76.400000;18.600000;-20.000000;41.283413;truck;79.200000;1.400000;-19.750000;41.283413;car;24.200000;0.200000;-0.500000;41.283413;car;32.800000;2.600000;-1.750000;
43.066750;truck;22.800000;0.400000;-0.750000;43.066750;car;28.200000;-3.000000;8.250000;43.066750;car;64.600000;-0.200000;-2.500000;43.066750;car;28.200000;-5.800000;-19.750000;43.066750;car;22.800000;0.400000;-0.750000;
44.866753;car;60.400000;-1.200000;-2.250000;44.866753;truck;21.600000;0.800000;-0.750000;44.866753;car;21.600000;0.600000;-0.750000;
46.666759;truck;20.400000;0.600000;-0.750000;46.666759;car;56.200000;0.600000;-2.250000;
48.466763;car;118.600000;12.200000;-18.750000;48.466763;truck;30.400000;0.600000;-1.000000;48.466763;car;30.400000;0.600000;-1.000000;
50.250099;truck;85.000000;3.000000;-18.250000;50.250099;car;17.800000;0.200000;-0.500000;50.250099;car;17.600000;0.200000;-0.500000;
52.050102;truck;16.600000;0.600000;-0.750000;52.050102;car;46.400000;0.200000;-1.000000;
53.850105;car;15.800000;0.200000;0.000000;53.850105;truck;22.000000;0.600000;0.500000;53.850105;car;123.600000;9.400000;-16.750000;
55.633442;car;29.600000;0.800000;0.500000;55.633442;car;23.000000;2.000000;0.500000;55.633442;car;23.000000;2.400000;0.500000;55.633442;truck;26.600000;1.200000;0.500000;55.633442;car;16.600000;1.200000;0.750000;55.633442;car;25.000000;5.200000;0.500000;
57.433445;car;17.800000;0.400000;0.500000;57.433445;car;17.800000;0.400000;0.500000;
59.233448;truck;153.400000;15.400000;7.750000;59.233448;car;194.800000;12.800000;-17.500000;59.233448;truck;25.800000;2.400000;-3.750000;
61.016785;car;18.200000;0.000000;0.250000;
62.816788;car;207.000000;24.400000;-17.500000;62.816788;car;19.000000;-0.200000;0.500000;62.816788;truck;132.000000;27.200000;-17.250000;62.816788;car;57.200000;2.600000;-25.500000;
64.616791;car;19.800000;0.400000;0.500000;64.616791;car;170.600000;27.600000;-18.000000;64.616791;car;19.600000;0.200000;0.500000;
66.400131;car;20.800000;1.600000;0.500000;
68.200134;car;21.800000;2.000000;1.000000;68.200134;car;33.000000;0.600000;-2.250000;
70.000137;car;24.400000;3.000000;2.000000;70.000137;car;29.600000;0.600000;-1.500000;70.000137;car;108.200000;1.200000;0.250000;70.000137;car;69.400000;3.800000;0.000000;
71.783470;car;71.200000;3.400000;2.000000;71.783470;car;71.200000;3.400000;2.000000;
73.583473;car;51.400000;4.000000;1.250000;73.583473;car;75.400000;4.000000;2.750000;73.583473;car;25.600000;0.400000;-0.750000;73.583473;car;25.800000;0.400000;-0.750000;
75.383484;car;36.200000;3.600000;2.000000;75.383484;car;24.800000;0.600000;-0.250000;
77.183487;car;38.800000;3.200000;1.000000;77.183487;car;186.200000;26.600000;-18.500000;77.183487;car;55.800000;2.800000;1.250000;77.183487;truck;24.400000;0.000000;-0.500000;
78.966820;car;40.800000;3.400000;1.000000;78.966820;car;154.000000;17.600000;-18.750000;78.966820;car;23.600000;-0.200000;-0.500000;
80.766823;car;73.000000;0.600000;-18.750000;80.766823;car;73.000000;0.600000;-18.750000;
82.566826;car;59.000000;3.600000;0.000000;82.566826;car;22.200000;0.200000;-0.500000;
84.350166;car;44.200000;3.200000;0.750000;84.350166;car;21.400000;0.600000;-0.500000;84.350166;car;21.400000;0.400000;-0.500000;
86.150169;car;20.800000;0.400000;-0.250000;
87.950172;car;20.200000;0.200000;-0.250000;
89.733505;car;50.800000;3.200000;1.250000;89.733505;car;19.600000;0.400000;-0.500000;
91.533508;car;53.400000;3.000000;1.750000;91.533508;car;18.800000;0.400000;-0.750000;91.533508;car;18.600000;0.400000;-0.750000;
93.333519;car;17.800000;0.000000;-0.250000;
95.116852;car;137.000000;17.800000;-18.000000;95.116852;car;60.000000;0.600000;1.250000;95.116852;car;60.000000;0.400000;1.250000;
96.916855;car;61.800000;-2.600000;1.000000;96.916855;car;22.000000;0.600000;1.250000;
98.716858;car;120.200000;-4.400000;0.000000;98.716858;car;24.200000;0.200000;1.250000;
100.500198;car;119.200000;-4.400000;-1.000000;100.500198;car;25.800000;0.000000;0.750000;
102.300201;car;50.800000;-9.000000;-19.750000;102.300201;car;26.400000;-0.400000;0.000000;102.300201;car;113.200000;6.000000;-33.000000;
104.100204;truck;145.800000;12.600000;-20.750000;104.100204;car;88.200000;0.400000;-0.250000;104.100204;car;88.000000;0.800000;-0.250000;
105.900208;car;59.200000;0.600000;-1.500000;105.900208;car;87.400000;0.600000;-0.250000;
107.683540;car;87.600000;1.000000;0.250000;107.683540;car;57.400000;0.600000;-1.000000;
109.483543;car;169.200000;6.400000;-38.750000;109.483543;car;88.000000;0.000000;0.500000;109.483543;car;55.800000;0.600000;-0.500000;
111.283554;car;91.000000;-2.800000;-2.250000;111.283554;car;116.600000;21.600000;-20.500000;111.283554;car;83.200000;3.400000;-41.250000;111.283554;car;55.800000;0.600000;0.250000;
113.066887;car;86.800000;-3.000000;-2.250000;113.066887;car;232.200000;33.400000;-20.750000;113.066887;car;146.400000;5.400000;-38.500000;113.066887;car;56.800000;0.600000;0.750000;113.066887;car;92.200000;0.400000;1.250000;
114.866890;car;50.000000;3.400000;-40.250000;114.866890;car;82.400000;-3.400000;-3.250000;114.866890;car;103.800000;6.000000;-38.500000;114.866890;car;58.200000;0.200000;0.500000;
116.666893;car;75.600000;-3.600000;-4.000000;116.666893;car;125.200000;9.400000;-22.000000;116.666893;truck;124.000000;19.000000;-22.250000;116.666893;car;58.600000;-0.200000;0.000000;116.666893;car;58.600000;0.000000;-0.250000;
118.450233;car;169.800000;21.800000;-22.500000;118.450233;car;32.600000;3.400000;-40.250000;118.450233;car;83.600000;-20.400000;-22.500000;118.450233;car;117.200000;6.400000;-22.500000;118.450233;car;57.600000;0.400000;-1.000000;118.450233;car;144.000000;0.400000;-1.000000;118.450233;car;68.000000;4.000000;-40.750000;
120.250237;car;19.800000;2.800000;-40.500000;120.250237;car;56.400000;1.000000;-0.500000;120.250237;car;56.400000;0.800000;-0.500000;
122.050240;car;55.000000;0.400000;-1.000000;122.050240;car;55.000000;0.400000;-1.000000;
123.833572;car;52.800000;0.600000;-1.500000;123.833572;car;51.000000;13.400000;-23.000000;
125.633575;truck;50.200000;0.600000;-1.750000;125.633575;car;50.200000;0.600000;-1.750000;
127.433578;truck;46.600000;-1.200000;-2.000000;127.433578;car;46.800000;-0.800000;-2.000000;
129.216919;truck;43.600000;-2.200000;-1.500000;
131.016922;car;85.400000;-1.600000;-0.250000;131.016922;bus;42.000000;-4.000000;-0.250000;
132.816925;car;115.000000;-1.200000;-22.250000;132.816925;car;61.200000;3.000000;-22.250000;
134.616928;car;20.000000;4.000000;-23.000000;134.616928;car;75.400000;-0.400000;-23.000000;134.616928;car;115.800000;0.600000;-2.500000;
136.400269;car;111.200000;0.200000;-2.750000;
138.200272;car;96.400000;24.600000;-23.000000;138.200272;truck;106.400000;0.000000;-2.750000;
140.000275;car;30.600000;3.200000;-22.750000;140.000275;car;29.000000;3.000000;-22.750000;140.000275;car;59.800000;-2.200000;-3.750000;140.000275;car;101.400000;0.600000;-2.750000;
141.783615;car;134.000000;16.800000;-22.250000;141.783615;car;53.200000;-2.400000;-3.750000;141.783615;car;95.800000;-0.600000;-3.000000;141.783615;truck;130.600000;16.400000;-22.250000;
143.583618;car;46.000000;-2.200000;-3.750000;143.583618;car;67.600000;0.000000;-3.750000;143.583618;car;91.000000;1.200000;-2.500000;
145.383621;car;79.800000;-15.600000;-21.500000;145.383621;car;87.200000;-0.400000;-2.000000;145.383621;car;61.800000;0.000000;-3.000000;
147.166946;car;84.200000;-0.600000;-1.500000;147.166946;car;57.600000;-0.200000;-1.500000;
148.966965;truck;56.000000;1.000000;-0.500000;
150.766968;car;55.000000;1.000000;-0.500000;
152.550293;car;35.000000;0.400000;-5.750000;
154.350296;truck;25.000000;-0.800000;-5.750000;154.350296;car;24.600000;-1.000000;-5.750000;154.350296;car;31.400000;-0.600000;0.500000;
156.150299;truck;31.800000;-1.600000;0.000000;156.150299;car;69.000000;-0.400000;-7.000000;156.150299;car;67.600000;4.200000;-19.500000;
157.933640;truck;55.600000;-10.000000;-6.750000;157.933640;car;93.600000;2.400000;-3.250000;157.933640;car;33.600000;3.400000;-19.000000;
159.733643;car;45.600000;-0.400000;-6.500000;159.733643;truck;57.000000;-1.600000;1.500000;159.733643;car;179.000000;0.800000;-18.000000;
161.533646;car;82.800000;8.600000;-2.750000;161.533646;truck;35.000000;-1.200000;-6.000000;161.533646;car;60.000000;4.800000;-2.250000;161.533646;car;59.400000;0.600000;1.250000;161.533646;car;60.400000;4.600000;-2.250000;
163.333649;truck;127.800000;-10.000000;-3.000000;163.333649;car;60.800000;2.400000;0.250000;163.333649;car;56.000000;4.800000;-2.500000;
165.116989;truck;37.600000;-4.400000;0.500000;165.116989;car;37.800000;-0.400000;0.500000;165.116989;car;59.600000;2.800000;-1.250000;
166.916992;truck;53.400000;-10.600000;-16.500000;166.916992;car;37.200000;0.200000;-1.250000;166.916992;car;55.400000;2.000000;-3.000000;
168.716995;car;76.800000;-1.800000;-5.750000;168.716995;car;39.600000;1.200000;-2.750000;
170.500336;truck;32.600000;-2.400000;-0.500000;170.500336;car;67.400000;4.400000;-13.500000;170.500336;car;36.400000;0.400000;-0.250000;170.500336;car;66.400000;3.800000;-13.500000;
172.300339;car;61.800000;-2.600000;-1.000000;172.300339;car;44.400000;0.200000;-11.250000;172.300339;car;34.200000;0.800000;-9.250000;172.300339;car;32.600000;-0.600000;1.250000;172.300339;truck;58.400000;-15.000000;-11.250000;
174.100342;car;29.400000;3.000000;-27.750000;174.100342;car;27.200000;3.000000;-27.500000;174.100342;car;101.400000;-24.200000;-26.750000;
175.883682;car;7.000000;0.000000;-3.750000;175.883682;car;15.600000;-0.800000;-3.750000;
177.683685;car;3.200000;0.200000;-0.750000;
